0 0.8659719229111509 0.4842999126256007 0.16624592081768363 0.3945500218435999
1 0.8675112369927963 0.5034130624726953 0.16624592081768363 0.348132372214941
0 0.7293577981651377 0.4617737003058104 0.11621821316421402 0.3658802970729577
0 0.6258389261744967 0.45289973787680216 0.12468444061326264 0.334480122324159
0 0.5111600270919278 0.445391000436872 0.12314512653161751 0.31673219746614245
0 0.40302321285635134 0.4358344255133246 0.10082507234776193 0.3194626474442988
0 0.309540887537859 0.421942775979908 0.10894112408155475 0.29197698036560593
0 0.18749006011641592 0.42806364251861884 0.1216641750691816 0.28774542992552476
0 0.061747797029984654 0.4231721254961397 0.11689303094882154 0.30044008124576843
1 0.5094656873030078 0.4675128214684281 0.11689303094882153 0.27364026179192064
1 0.6228314274533675 0.4724949221394718 0.1081459333948281 0.29197698036560593
1 0.7320424786487653 0.4880106070864364 0.10257959858774127 0.3004400812457685
