0 0.9063635244135214 0.5334480122324159 0.1839172464749707 0.46827217125382276
0 0.7963179607167047 0.5157000873743992 0.05618496398005054 0.4136631716906946
0 0.7197370851548551 0.5047782874617737 0.10467335755187492 0.3781673219746614
0 0.6269934117357306 0.4918086500655307 0.12391478357244008 0.34130624726954994
0 0.5134689982143957 0.49112603757099177 0.11698787020503668 0.32628877238968984
0 0.40302321285635123 0.48361730013106163 0.11775752724585929 0.31673219746614245
0 0.30027399790653286 0.47747378768020965 0.10467335755187487 0.2962538226299693
0 0.1871344129056093 0.4795216251638269 0.1246844406132627 0.29215814766273474
1 0.5103903700511053 0.5095565749235474 0.10929129979681051 0.2839667977282656
1 0.6262237546949081 0.5157000873743993 0.12083615540914971 0.2907929226736567
1 0.7205067421956776 0.5314001747487986 0.10621267163352005 0.3249235474006116
1 0.7920848469921804 0.5430045871559633 0.05079736469429218 0.35632372214941027
1 0.9071331814543441 0.5614351245085191 0.18237793239332548 0.4068370467453037
