0 0.2510159472938859 0.46791721275666226 0.1046733575518749 0.2744102228047182
0 0.35684379040699465 0.4808868501529051 0.10698232867434267 0.3085408475316731
0 0.4669047472446278 0.48498252512013973 0.12237546949079495 0.33038444735692435
0 0.5758112185210271 0.4904434250764526 0.12314512653161751 0.34130624726955006
0 0.6885659750015395 0.486347750109218 0.10852164275598786 0.36588029707295755
0 0.7632227079613325 0.5027304499781563 0.07927467520472883 0.39591524683267804
0 0.823255957145496 0.5225262123197904 0.0823533033680192 0.4409676714722587
0 0.9217566652299736 0.5450524246395806 0.15313096484206626 0.4996723460026213
1 0.9225263222707962 0.5771352118829183 0.15159165076042114 0.44096767147225857
1 0.8209469860230283 0.5525611620795107 0.0777353611230836 0.3836282219309742
1 0.7628378794409213 0.5307175622542596 0.07696570408226093 0.3426714722586282
1 0.6858721753586602 0.5157000873743993 0.10159472938858445 0.30444517256443865
1 0.5765808755618497 0.5136522498907821 0.11390924204174621 0.29488859764089126
