0 0.16250538759928582 0.4808868501529052 0.1216058124499722 0.29215814766273474
0 0.28372637152884683 0.48361730013106147 0.11313958500092355 0.29761904761904756
0 0.3945569854073025 0.4808868501529052 0.11621821316421396 0.3112712975098296
0 0.5007696570408228 0.4795216251638269 0.11621821316421402 0.3112712975098295
0 0.617372698725448 0.4808868501529052 0.12776306877655322 0.3167321974661424
0 0.7151191429099193 0.4972695500218436 0.10929129979681051 0.34130624726955
0 0.7920848469921804 0.5225262123197902 0.0661905055107444 0.3590541721275667
0 0.9063789175543379 0.5450524246395806 0.18240871867495842 0.4041065967671473
1 0.6181423557662706 0.4952217125382263 0.12468444061326264 0.29625382262996935
1 0.7162736284711533 0.5047782874617737 0.11006095683763309 0.3099060725207514
1 0.7917000184717691 0.5245740498034076 0.06696016255156698 0.35768894713848837
1 0.9071485745951605 0.5464176496286588 0.17933009051166796 0.3877238968982089
1 0.5015393140816453 0.49112603757099177 0.11313958500092355 0.2689493228484054
