0 0.8859830059725389 0.4856651376146789 0.16624592081768363 0.3945500218435999
1 0.8859830059725389 0.5116044124071646 0.16624592081768363 0.348132372214941
0 0.7516778523489933 0.464504150283967 0.11621821316421392 0.3658802970729577
0 0.6458500092358845 0.45972586282219313 0.12468444061326264 0.334480122324159
0 0.5334800812757835 0.452217125382263 0.12314512653161751 0.3167321974661424
0 0.4330398374484331 0.438564875491481 0.10082507234776193 0.3194626474442988
0 0.32570368539513384 0.4301341259143771 0.10894112408155475 0.29197698036560593
0 0.2123114996829451 0.41850706759507145 0.12204900358959293 0.28774542992552476
0 0.09022510754042123 0.41907645052890513 0.1168930309488216 0.30044008124576843
1 0.5356340266909767 0.47297372142474114 0.11689303094882153 0.27364026179192064
1 0.6420728534739328 0.47659059710670637 0.1081459333948281 0.29197698036560593
1 0.7535928757917982 0.4880106070864362 0.10257959858774127 0.30044008124576843
