0 0.17405024321162496 0.4385648754914809 0.1169878702050366 0.30307994757536044
0 0.2910381134166616 0.45221712538226294 0.1154485561233914 0.300349497597204
0 0.3945569854073026 0.44812145041502827 0.11467889908256902 0.30307994757536044
0 0.5057724278061697 0.45631280034949756 0.11852718428668181 0.3167321974661424
0 0.6177575272458593 0.46928243774574063 0.11621821316421402 0.33721057230231555
0 0.7105012006649838 0.4761085626911315 0.12160581244997228 0.35632372214941027
0 0.7936241610738255 0.4890782000873744 0.08774090265377746 0.39591524683267804
0 0.9075180099747553 0.5075087374399301 0.18160827535250282 0.44642857142857145
1 0.6155971178312711 0.4871383106261495 0.11705946620883408 0.2906976744186047
1 0.7058276297428401 0.4945093624696676 0.11595454847498175 0.31294200848656284
1 0.7860655193036081 0.5156176331918906 0.07176556581832681 0.3418198962753419
1 0.909214583711228 0.5341055341055341 0.17776165427172128 0.3796653796653796
2 0.5019241426020565 0.5901048492791612 0.09697678714364885 0.04095674967234601
