0 0.8544270672988118 0.4829346876365225 0.16624592081768363 0.3945500218435999
1 0.8544270672988118 0.5047782874617737 0.16624592081768363 0.348132372214941
0 0.7255095129610246 0.4617737003058104 0.11621821316421402 0.3658802970729577
0 0.6235299550520288 0.4542649628658803 0.12468444061326264 0.33448012232415897
0 0.5096207130102827 0.445391000436872 0.12314512653161751 0.31673219746614245
0 0.3999445846930609 0.4358344255133246 0.10082507234776193 0.3194626474442988
0 0.2972263748846974 0.42876890092529896 0.10894112408155475 0.29197698036560593
0 0.18749006011641592 0.42806364251861884 0.1216641750691816 0.28774542992552476
0 0.05866916886669422 0.4245373504852178 0.11689303094882154 0.30044008124576843
1 0.50715671618054 0.46614759647935 0.11689303094882153 0.27364026179192064
1 0.6220617704125448 0.4724949221394718 0.1081459333948281 0.29197698036560593
1 0.7274245364038296 0.4880106070864364 0.10257959858774127 0.3004400812457685
