0 0.9137445354350102 0.5266218872870251 0.1725109291299796 0.46827217125382314
0 0.8101717874515117 0.5293523372651812 0.05618496398005054 0.4136631716906946
0 0.743596453420356 0.5116044124071646 0.10467335755187492 0.3781673219746614
0 0.6531617511236993 0.5068261249453909 0.12391478357244008 0.34130624726954994
0 0.5442552798473002 0.49658693752730454 0.11698787020503668 0.32628877238968984
0 0.43842743673419127 0.4822520751419835 0.11775752724585939 0.31673219746614245
0 0.3318299365802599 0.47610856269113166 0.10467335755187487 0.2962538226299693
0 0.22869589311003022 0.47952162516382674 0.1246844406132627 0.29215814766273474
1 0.5427159657656548 0.5163826998689383 0.10929129979681051 0.2839667977282656
1 0.6570100363278123 0.5225262123197902 0.12083615540914971 0.2907929226736567
1 0.7389785111754202 0.5409567496723462 0.10621267163352005 0.3249235474006116
1 0.8113262730127455 0.5566568370467451 0.05079736469429218 0.35632372214941027
1 0.9156686780370668 0.5614351245085191 0.16866264392586655 0.4068370467453037
