0 0.9118742688258112 0.5020478374836174 0.1762514623483775 0.4245849716033202
0 0.776691706175728 0.4863477501092179 0.11236992796010098 0.3713411970292705
0 0.6927990887260638 0.4699650502402795 0.12930238285819845 0.3467671472258628
0 0.5865864170925437 0.4604084753167322 0.12468444061326264 0.327653997378768
0 0.47848898065905554 0.4558587836670832 0.12369283596066813 0.3114617940199336
0 0.3708479687497762 0.45445545937598425 0.11198688933978461 0.30315614617940206
0 0.26160390788806565 0.4427018167052368 0.11706929487938059 0.2848746551517332
0 0.14177418237256365 0.4270736242400867 0.1257246310553554 0.2870766835344492
1 0.9124499387378162 0.5305926460277384 0.1751001225243678 0.36411703646036075
1 0.6848261548169122 0.4941668065371288 0.1165810215240568 0.30329570520306215
1 0.7794633523291122 0.5076962977776667 0.108808953422453 0.32924613987284285
1 0.5763997230409061 0.48436843427219145 0.12343872867253076 0.28626573245101855
