0 0.18020749953820583 0.44402577544779376 0.12160581244997228 0.29215814766273474
0 0.2945015701003633 0.44812145041502827 0.11313958500092355 0.29761904761904756
0 0.3991749276522382 0.4576780253385759 0.11621821316421402 0.3112712975098296
0 0.5034634566837018 0.46313892529488854 0.12006649836832704 0.3249235474006115
0 0.617372698725448 0.4706476627348187 0.12776306877655322 0.33721057230231544
0 0.7147343143895081 0.4808868501529052 0.10852164275598795 0.37407164700742684
0 0.7951634751554708 0.49931738750546095 0.07234776183732533 0.4054718217562254
0 0.9063789175543379 0.5163826998689384 0.18240871867495842 0.46144604630843167
1 0.6181423557662706 0.4952217125382263 0.12468444061326264 0.29625382262996935
1 0.7162736284711533 0.5047782874617737 0.11006095683763309 0.3099060725207514
1 0.7917000184717691 0.5245740498034076 0.06696016255156698 0.35768894713848837
1 0.9071485745951605 0.5464176496286588 0.17933009051166796 0.3877238968982089
2 0.5007696570408227 0.48976081258191345 0.11313958500092355 0.2689493228484054
