0 0.16712332984422149 0.4371996505024028 0.11698787020503663 0.30307994757536044
0 0.2833415430084355 0.4481214504150284 0.1154485561233914 0.300349497597204
0 0.38455144387660867 0.44675622542595017 0.11467889908256888 0.30307994757536044
0 0.49499722923465317 0.44539100043687196 0.11698787020503658 0.30307994757536033
0 0.6058278431131089 0.4624563128003495 0.12930238285819845 0.3372105723023154
0 0.7105012006649838 0.4761085626911315 0.12160581244997228 0.35632372214941027
0 0.7936241610738255 0.4890782000873744 0.08774090265377746 0.39591524683267804
0 0.9075180099747553 0.5075087374399301 0.18160827535250282 0.44642857142857145
1 0.6051584204776026 0.48304263565891475 0.12408303418136415 0.2906976744186047
1 0.7058276297428401 0.49587458745874585 0.11595454847498175 0.31294200848656295
1 0.7860655193036081 0.5156176331918906 0.07176556581832681 0.3418198962753419
1 0.909214583711228 0.5341055341055341 0.17776165427172128 0.3796653796653796
