0 0.8744381503601997 0.4870303626037571 0.16624592081768363 0.3945500218435999
1 0.8752078074010223 0.5020478374836171 0.16624592081768363 0.348132372214941
0 0.7355150544917185 0.46450415028396685 0.11621821316421402 0.3658802970729577
0 0.6335354965827227 0.4556301878549585 0.12468444061326264 0.334480122324159
0 0.5196262545409764 0.4467562254259502 0.12314512653161751 0.31673219746614245
0 0.4214949818360939 0.438564875491481 0.10082507234776193 0.3194626474442988
0 0.32339471427266603 0.4301341259143771 0.10894112408155475 0.29197698036560593
0 0.2115418426421225 0.41850706759507145 0.12204900358959293 0.28774542992552476
0 0.09022510754042123 0.41907645052890513 0.1168930309488216 0.30044008124576843
1 0.5187015717928792 0.4688780464575064 0.11689303094882153 0.27364026179192064
1 0.6274493696983033 0.47386014712854996 0.1081459333948281 0.29197698036560593
1 0.7381997349753462 0.4880106070864364 0.10257959858774127 0.3004400812457685
