0 0.9002216612277569 0.49385648754914807 0.1762514623483775 0.4245849716033202
0 0.7666861646450341 0.48498252512013973 0.11236992796010098 0.3713411970292705
0 0.6697093775013854 0.46586937527304495 0.12930238285819845 0.3467671472258628
0 0.5573394495412846 0.45358235037134115 0.12468444061326264 0.32765399737876805
0 0.4561689264751999 0.44220653377630126 0.12369283596066813 0.3114617940199336
0 0.3523761997700336 0.44216843447428045 0.11198688933978461 0.30315614617940206
0 0.24236248186750045 0.43451046677076766 0.11706929487938059 0.2848746551517332
0 0.12407207043364363 0.4298040742182431 0.1257246310553554 0.2870766835344492
1 0.9008741290711921 0.5210360711041909 0.1751001225243678 0.36411703646036075
1 0.6649690031636889 0.49143635655897233 0.1165810215240568 0.30329570520306215
1 0.7671488396759505 0.5036006228104322 0.108808953422453 0.32924613987284285
1 0.5563886399795183 0.47481185934864406 0.12343872867253076 0.28626573245101855
