0 0.9118742688258112 0.49658693752730454 0.1762514623483775 0.4245849716033202
0 0.7782310202573733 0.4877129750982962 0.11236992796010098 0.3713411970292705
0 0.6750969767871436 0.46450415028396685 0.12930238285819845 0.3467671472258629
0 0.5688843051536238 0.45631280034949756 0.12468444061326264 0.32765399737876805
0 0.46232618280178084 0.4463022087435358 0.12369283596066813 0.3114617940199336
0 0.3523761997700336 0.44216843447428045 0.11198688933978461 0.30315614617940206
0 0.24236248186750045 0.43451046677076766 0.11706929487938059 0.2848746551517332
0 0.12407207043364363 0.4298040742182431 0.1257246310553554 0.2870766835344492
1 0.9116493276427087 0.5237665210823474 0.1751001225243678 0.36411703646036075
1 0.6711262594902698 0.4968972565152852 0.1165810215240568 0.30329570520306215
1 0.7810026664107573 0.5076962977776667 0.108808953422453 0.32924613987284285
1 0.5663941815102121 0.48436843427219145 0.12343872867253076 0.28626573245101855
