0 0.9080413767625147 0.5307175622542595 0.1839172464749707 0.46827217125382276
0 0.7963179607167047 0.5157000873743992 0.05618496398005054 0.4136631716906946
0 0.7228157133181456 0.5075087374399301 0.10467335755187492 0.3781673219746614
0 0.6316113539806664 0.4918086500655307 0.12391478357244008 0.34130624726954994
0 0.5242441967859123 0.4952217125382263 0.11698787020503668 0.32628877238968984
0 0.41918601071362616 0.4822520751419835 0.11775752724585939 0.31673219746614245
0 0.31181885351887206 0.4788390126692879 0.10467335755187487 0.2962538226299693
0 0.20637583892617456 0.4795216251638269 0.1246844406132627 0.29215814766273474
1 0.5250138538267349 0.51501747487986 0.10929129979681051 0.2839667977282656
1 0.6277630687765532 0.5170653123634774 0.12083615540914971 0.2907929226736567
1 0.7212763992365002 0.5382262996941898 0.10621267163352005 0.3249235474006116
1 0.7951634751554707 0.5484654871122759 0.05079736469429218 0.35632372214941027
1 0.9088110338033374 0.5614351245085191 0.18237793239332548 0.4068370467453037
